2 0.473009 0.301676 0.0180509 0.0245981 19
2 0.46403 0.327312 0.0215735 0.0377736 23
2 0.532365 0.338433 0.0239338 0.0387913 24
5 0.411122 0.387206 0.0551216 0.129802 25
2 0.498396 0.496382 0.0411285 0.0755171 33
3 0.319172 0.62511 0.0232111 0.048182 38
0 0.155905 0.610637 0.0209346 0.0764465 40
0 0.318768 0.59775 0.0234298 0.070468 41
2 0.487764 0.783004 0.0805032 0.178186 42
0 0.122743 0.661262 0.0217937 0.0976099 28
2 0.318083 0.899736 0.127925 0.190653 43
0 0.434527 0.481006 0.0155645 0.0624749 37
