2 0.46717 0.316055 0.019981 0.0326291 19
2 0.456599 0.350112 0.0251597 0.0405334 23
2 0.538629 0.373816 0.0286262 0.047627 24
5 0.39713 0.432241 0.0683304 0.167389 25
0 0.143218 0.62615 0.0199063 0.061365 28
2 0.499182 0.614589 0.0576318 0.105555 33
0 0.414152 0.586577 0.0197661 0.0630316 37
3 0.252109 0.798222 0.0273361 0.0682672 38
0 0.169146 0.596296 0.0186468 0.0815264 40
0 0.253462 0.753282 0.0377474 0.0973832 41
3 0.368342 0.562989 0.0178883 0.0562545 29
0 0.368453 0.544155 0.0192105 0.0658094 32
