2 0.470093 0.307164 0.0195401 0.028776 19
2 0.460822 0.334055 0.0221569 0.0361484 23
2 0.534503 0.351152 0.0252623 0.0394385 24
5 0.407742 0.399146 0.0606685 0.14075 25
2 0.498412 0.5334 0.0459425 0.0841603 33
3 0.298222 0.676712 0.025643 0.0607205 38
0 0.159932 0.607052 0.0191679 0.081336 40
0 0.298218 0.64438 0.0249254 0.0728612 41
2 0.483316 0.904032 0.09705 0.186311 42
0 0.130176 0.647464 0.0183976 0.0811959 28
2 0.294406 0.960482 0.122922 0.0760446 43
0 0.428346 0.516203 0.016582 0.0690926 37
