2 0.472264 0.302086 0.0176028 0.0248991 19
2 0.46316 0.329617 0.0218053 0.0378317 23
2 0.532636 0.340643 0.0243425 0.0389774 24
5 0.410066 0.389573 0.055246 0.129246 25
2 0.498241 0.504024 0.0420719 0.0792516 33
3 0.315336 0.632517 0.0241105 0.0520625 38
0 0.1561 0.609441 0.0201782 0.0786517 40
0 0.315206 0.605286 0.0225612 0.0699559 41
2 0.486805 0.807517 0.0836603 0.186476 42
0 0.123575 0.654321 0.0196357 0.0856174 28
2 0.312167 0.910395 0.131037 0.172441 43
0 0.433348 0.486474 0.0153046 0.0616629 37
