2 0.471088 0.30436 0.0188335 0.0273785 19
2 0.462172 0.331855 0.0221203 0.039239 23
2 0.533483 0.346663 0.0249751 0.0394548 24
5 0.409276 0.393525 0.058435 0.134578 25
2 0.498225 0.517907 0.0435063 0.0802836 33
3 0.307262 0.651884 0.0256536 0.0613806 38
0 0.157896 0.608027 0.019373 0.0796262 40
0 0.306234 0.624605 0.0232918 0.0733016 41
2 0.485564 0.861734 0.0908771 0.200227 42
0 0.126177 0.650555 0.0171452 0.0850426 28
2 0.302704 0.936772 0.131067 0.121942 43
0 0.430983 0.495491 0.0152439 0.053986 37
