2 0.466195 0.319037 0.0203619 0.0323994 19
2 0.455243 0.353907 0.0261051 0.0411369 23
2 0.540048 0.38046 0.0304476 0.0494236 24
5 0.393959 0.442382 0.0711417 0.173151 25
0 0.145483 0.624664 0.0172059 0.0621112 28
3 0.361442 0.585084 0.018439 0.0592841 29
0 0.361287 0.560158 0.0198834 0.0672445 32
2 0.499553 0.641892 0.0609801 0.115349 33
0 0.410158 0.612805 0.0210805 0.0677033 37
3 0.23715 0.832026 0.028502 0.0751234 38
0 0.171178 0.589296 0.0174335 0.0702589 40
0 0.240505 0.783518 0.0378802 0.104202 41
