2 0.470519 0.305884 0.0189405 0.0291276 19
2 0.461538 0.33323 0.0226658 0.038071 23
2 0.534104 0.349145 0.0249096 0.0404817 24
5 0.408016 0.397036 0.0593446 0.138963 25
2 0.498113 0.526624 0.0451 0.0816757 33
3 0.302745 0.663166 0.0262076 0.0637134 38
0 0.159122 0.607486 0.0189752 0.0798831 40
0 0.302042 0.635147 0.0256416 0.0752566 41
2 0.484493 0.887644 0.0945992 0.201042 42
0 0.127943 0.648336 0.0167918 0.080381 28
2 0.297062 0.950631 0.126038 0.0947209 43
0 0.42954 0.506074 0.01595 0.0607744 37
