2 0.471633 0.30329 0.0181128 0.025889 19
2 0.462767 0.330754 0.0221977 0.0389141 23
2 0.533099 0.34398 0.0247605 0.0404307 24
5 0.410077 0.392115 0.056895 0.131753 25
2 0.498178 0.51225 0.0427472 0.0808395 33
3 0.310101 0.644478 0.0235515 0.0543476 38
0 0.156971 0.608322 0.0203344 0.0799952 40
0 0.310103 0.614645 0.0221839 0.0689824 41
2 0.486189 0.836217 0.0873785 0.193844 42
0 0.125031 0.652543 0.0178878 0.0866689 28
2 0.305656 0.924509 0.133109 0.145321 43
0 0.432197 0.49253 0.0155863 0.0608186 37
